   3.8889297e+02   2.5151209e+04
   3.8884414e+02   2.5684665e+04
   3.8879531e+02   2.6842545e+04
   3.8874648e+02   2.8486718e+04
   3.8869766e+02   3.0007712e+04
   3.8864883e+02   3.0775486e+04
   3.8860000e+02   3.2697280e+04
   3.8855117e+02   3.6114190e+04
   3.8850234e+02   3.9490706e+04
   3.8845352e+02   4.2875477e+04
   3.8840469e+02   4.6422914e+04
   3.8835586e+02   5.0215165e+04
   3.8830703e+02   5.4134762e+04
   3.8825820e+02   5.7910179e+04
   3.8820938e+02   6.2855384e+04
   3.8816055e+02   6.9512817e+04
   3.8811172e+02   7.5894932e+04
   3.8806289e+02   8.1217780e+04
   3.8801406e+02   8.4530574e+04
   3.8796523e+02   8.5343272e+04
   3.8791641e+02   8.2827967e+04
   3.8786758e+02   7.6551028e+04
   3.8781875e+02   6.7842092e+04
   3.8776992e+02   5.9203403e+04
   3.8772109e+02   5.0600399e+04
   3.8767227e+02   4.3062170e+04
   3.8762344e+02   3.8789625e+04
   3.8757461e+02   3.5221071e+04
   3.8752578e+02   3.1475463e+04
   3.8747695e+02   2.7479144e+04
   3.8742813e+02   2.3694824e+04
   3.8737930e+02   2.0955919e+04
   3.8733047e+02   1.9494182e+04
   4.8558594e+02   4.3964801e+04
   4.8553711e+02   4.5735791e+04
   4.8548828e+02   4.7372008e+04
   4.8543945e+02   4.9157730e+04
   4.8539063e+02   5.2036541e+04
   4.8534180e+02   5.7404840e+04
   4.8529297e+02   6.2959670e+04
   4.8524414e+02   6.8633664e+04
   4.8519531e+02   7.4572609e+04
   4.8514648e+02   8.2801804e+04
   4.8509766e+02   9.2402617e+04
   4.8504883e+02   1.0233621e+05
   4.8500000e+02   1.1141887e+05
   4.8495117e+02   1.1812338e+05
   4.8490234e+02   1.2109819e+05
   4.8485352e+02   1.2092959e+05
   4.8480469e+02   1.1675965e+05
   4.8475586e+02   1.0942950e+05
   4.8470703e+02   1.0026591e+05
   4.8465820e+02   9.0648266e+04
   4.8460938e+02   8.1574830e+04
   4.8456055e+02   7.3415474e+04
   4.8451172e+02   6.6068466e+04
   4.8446289e+02   5.9591032e+04
   4.8441406e+02   5.4652816e+04
   4.8436523e+02   5.1944587e+04
   4.8431641e+02   4.9140768e+04
   4.8426758e+02   4.6416623e+04
   4.8421875e+02   4.3828432e+04
   4.8416992e+02   4.1386095e+04
   4.8412109e+02   3.9082520e+04
   4.8407227e+02   3.6995141e+04
   4.8402344e+02   3.6759001e+04
